# Fix print output for fix extra
3.3304165428899
3.96719570172313
5.52168006042256
6.10160545513084
5.94551951338655
8.26313351819533
6.49602402796932
6.46836061708854
5.84626019793146
6.58011493995707
5.4132146875778
4.26366952675251
4.46639464547177
6.48498933507955
7.37907558994547
4.5111543293322
2.69415348105645
2.2205186913096
7.10558678880977
4.26589559675973
3.71082401639267
4.03293326838303
1.69134865802497
3.20246880669622
2.5686000255168
4.18793609943357
6.75942594291069
4.35552368920531
2.87842718996102
3.7249115242615
6.41583698973824
2.10793594897633
7.23630093030924
2.03718943829187
5.1868401234843
5.16629752628674
0.725017775988147
5.14335511411214
5.73901687172069
2.6864193441315
3.38414210526767
6.17312296158535
6.21868374869084
7.26505366778118
7.18222465632248
1.89051183216483
3.58340367314578
4.74063693500749
2.26044907078179
5.51221577668423
5.64722438812244
5.68244629421515
1.54631118876394
3.61595788629376
4.14066559915011
2.94458473192866
6.74751770178242
1.7250576464973
5.28948816627157
6.16794694259091
6.60794101456236
5.29230612908158
5.78249295966143
4.85684504054023
7.47206028328775
2.91479148326541
3.18947714421416
5.71269814665967
4.37183324428906
5.44494816447374
10.5761413555256
3.72402314358029
5.77865384893204
3.68304422894272
2.56319040842835
7.09286089815788
3.54896469120078
6.43674914170567
4.3166537405949
7.37622579571909
3.69152575850762
2.53864230870203
4.62754846399491
5.80066477889712
4.83275130279956
1.10778124028954
4.06533522306634
3.18786574666895
3.55905763322119
2.81742941126625
2.84267156774923
3.79399146530416
4.02170952017076
3.9462499553308
3.34961293300245
3.27611705579403
2.50363975757602
2.87755759284384
4.79272677476307
3.29988843474874
5.76089539729379
4.32194825975253
4.37822934742157
5.52460556481709
4.74906347278172
4.1126719815618
2.01500967319864
3.90527998830951
2.0518173726895
2.38973636800191
3.9866172337288
3.90055888010576
1.21164555128685
3.40847680296803
4.9170917671027
1.02222342193595
3.32045686326103
4.37980168464313
2.90726128425192
4.62156546984121
3.74942957279985
4.90489588834326
3.1877691550087
4.69414075287343
5.11556504250847
6.65437366304973
0.858335490341441
4.18052635710331
3.02376205666838
3.16751144986395
4.71625527463424
5.1681804112597
5.19186995148808
4.74734216567365
1.81368800413431
1.68867551619549
1.5433006207537
0.452242133959927
0.840667317498739
4.19014109284734
3.99912195225951
0.255748685014785
4.2649266751012
4.66310414830081
3.66117590834614
3.35780709050348
3.28661782779804
4.49945468908292
4.23509685662647
5.66752660198959
1.41077998152671
2.27868172652307
4.66568495647234
5.20614099911727
5.74940445002422
4.84067373899995
-0.200131291304959
2.94662599287394
1.66122502748347
6.59879346267098
3.06119507640492
3.06263395789819
2.02892454420608
4.44395947270687
4.2640523088971
1.76495848913529
5.02013805967168
1.51762259073661
4.00403710558785
5.0174629073959
0.0705672368863161
6.19498544084605
2.94144213136976
2.01795175928921
1.14204689013021
4.75080935775827
2.64642490896604
4.80539235350461
1.9541059404693
5.17424837773302
3.54995651995943
3.40101520924677
2.62495224062649
3.11174628911332
-0.791023346433264
1.87061355808838
1.35531206514928
5.14025422531256
3.0079243641226
3.21407453222095
6.84142356558778
1.92934265742236
3.01265412752906
5.01216148652063
1.29489643244247
4.50777041183362
4.94024607018903
2.46727299415135
4.7389855934676
6.37679510829336
2.25415290202622
5.21331015645165
3.75366582920177
1.23028342113596
3.8051792887374
4.5004559116229
3.02749572671468
6.95982557909275
1.9207226135408
1.88135934874317
3.2319220299683
4.27613695475497
3.00851456402713
4.38704032395513
0.654612952779376
4.44775705931278
1.07558770005839
2.93573640760599
1.37098004830335
1.81433586892591
4.04050367413845
1.96931783007418
3.92814247272773
4.28543845474147
4.29487737262735
0.344397789602494
5.02655713024952
5.07840308202957
3.49795091583251
3.11388358433426
2.92080582073834
3.22025398294414
4.33937745748039
0.641960594824899
2.55908419548753
3.79617147577779
1.93072490400249
4.40708790245081
5.07987278624635
6.07734600773124
2.96473746735142
2.34174831856601
3.74157319785579
2.0671939808831
7.13264926682832
3.85778740188278
1.38842741320602
4.36205385458284
2.69766927158005
3.30078991931471
2.76590604836596
4.65570033849193
3.86757189790765
2.25330341716317
0.813834554426519
2.95391516894579
4.13905990083317
2.96850131078443
3.10699741026269
5.52137431010039
0.497656638086436
2.28963262267247
3.73546173393283
0.861485185794543
5.64688351571959
4.59268965118653
3.60372889019177
3.26360160527162
0.450284637219359
2.74970013504069
5.07721377455581
4.47761636061321
2.31306329922777
7.14905046314081
-1.16456743336006
1.94877537476114
4.66550306476081
2.27052964739659
3.23014619749624
1.49524115321423
3.89121102393202
2.17480447136282
4.24659648142416
3.98350862216563
4.33251182247743
4.23489568832778
1.1555698298481
5.16382209217098
6.21887637261785
3.08232026284165
5.1933404198842
1.03569609302407
3.34190075276319
1.50257289660591
1.77925655303239
2.97787015864407
1.78254968663
0.857905983834764
3.49525727546168
5.85224356689027
2.34945846025759
3.68058965580757
1.80579457164741
2.31623100827829
1.91222312884588
1.4711588442304
3.56962673642829
2.36287768443022
1.4687772790505
5.13104543562972
5.04350073307565
1.18905938800102
5.59506344834099
4.75280747127464
2.46184977817108
5.16285432954519
1.10374344084453
5.419283756927
2.80373596095443
1.59244772434815
4.68318743344507
2.22164957794701
1.41365116220075
4.29328023143529
3.38918190414456
4.1013958918741
4.41347644806075
4.7140710883534
1.54752184497669
2.92069552903331
1.34251362324166
1.68136458477033
3.14957022280557
2.03481267650103
-0.481598357134427
4.44593447537104
1.22607634822856
4.40982454568321
2.95614957366052
2.6257822115856
7.9221649287353
2.47766978217814
0.996942566730284
3.54308702905435
4.75030797538506
4.40342077289818
2.5723263742912
3.19865258759873
1.26401410250099
0.966180769523389
2.88073455592417
1.86485713892061
1.29590760690027
3.85794710846202
2.54618406906092
2.12032889913899
2.96569599446611
2.81654290792157
0.369076435499427
2.37686336303704
3.33358644995606
0.709391614590816
2.09542017606308
3.9028159217309
2.58487307830758
0.0782123546001759
3.41496956290705
2.18595699228182
2.02295677152155
4.19013715051806
3.28091127071145
1.69819804890822
2.94309434558858
1.51324520439732
4.23977603065303
1.77961924488207
2.18534317561329
3.68314439023724
5.08217173891521
1.91313620494621
1.30876461393249
0.773021825939794
3.41276728471356
2.51118806709062
3.00822777416679
4.37916295872111
1.62140688104597
3.25196602113443
0.973877808728339
2.47665888568445
0.662887443619428
2.35430668557648
4.57731079040225
1.10917449123593
2.11508796710405
2.18765390259291
3.87623346281313
4.55484007343166
0.400002463417782
2.50490225353645
1.14652457298021
1.51649246130448
3.76669294966972
1.66073850112181
0.77056112925927
3.2601880398981
-0.685668595988626
0.837485831540331
4.39413214928643
0.424331474597938
4.38305000733352
4.1084470573908
1.06914697149206
4.73419394849886
3.85563327757832
0.378712318007837
3.23784765800127
1.2186729607437
3.0158582084848
1.41776289099535
-0.542316587141546
3.63262691471753
3.67904989377128
0.495112854514142
4.85999260725618
1.1984715323069
0.696231318797018
4.70496217312968
7.72051135954365
1.47564675392803
4.73127015936677
1.47906002309735
0.882647651184841
-1.04010015918089
4.05543353291051
6.03896179384421
1.92162648029353
5.79592668642294
1.62621034401611
1.22794149245321
5.26865932007885
0.145683871843812
4.21096993421421
1.91535292422742
3.24054470981606
2.44801650819049
2.64958078303443
2.7206641771691
6.94200982102437
2.69527738489901
1.27077261041472
5.09165859572923
5.12017022773357
1.98538482417456
3.17629553703162
5.51578566234014
2.81782181850254
2.3660897054246
2.75496558128207
-0.00960194443902179
-0.283567525088542
1.88828949186789
1.7822798566908
4.56860126144853
7.72787702612679
4.37778695871103
4.02230589771152
2.56823349277551
3.1734592889563
2.83885006474112
2.57235505360972
2.61123982142272
1.33454151530078
1.87701737361107
0.0402129950271913
-1.52011917916619
3.22611669510021
4.44502036130929
-0.735661454032506
1.62300083461754
0.629138300318574
3.32429741610039
1.84701075140614
2.65347800692021
2.395552905202
3.5860205399084
2.90706698472956
2.35074957093769
4.46689027561734
0.545664981158174
3.65178293113319
2.48516564576087
1.68809255453666
2.8631712956692
2.65072097972442
2.99225973150251
4.46964657138756
2.515360618545
2.01498826040037
3.75476847506354
